2214
2215
2212
2231
2211
2528
2512
2213
2232
2221
2524
2511
2133
2233
2526
2523
2241
2222
2522
2533
2624
2316
2131
2132
2223
2623
2531
2534
2235
2536
2521
2636
2542
2535
2541
2321
2243
2242
2544
2244
2632
2612
2637
2639
2635
2613
2622
2633
2324
2135
2644
2634
2224
2641
2638
2311
2326
2646
2363
2371
2631
2621
2643
2672
2225
2611
2373
2134
2372
2315
2323
2642
2673
2111
2312
2674
2645
2322
2364
2333
2671
2226
2369
2314
2116
2115
2112
2551
2651
2313
2367
2332
2334
2331
2113
2383
2336
2381
2121
2561
2411
2122
2365
2335
2366
2126
2114
2251
2337
2351
2124
2412
2125
2382
2562
2681
2413
2341
2682
2691
2151
2431
2432
2711
2712
2713
2714
